2.0 1.0 0.0 0.683709257392473 0.046861384079942815
4.0 1.0 0.0 0.6807508680555555 0.0716988896387721
6.0 1.0 0.0 0.7145911907327586 0.07107082134660242
8.0 1.0 0.0 0.721586681547619 0.022017919275598367
10.0 1.0 0.0 0.7415665991512346 0.06138515321418185
30.0 1.0 0.0 0.8696863511029411 0.036047469121413864
50.0 1.0 0.0 0.9399181547619048 0.05802188843679158
70.0 0.9986979166666666 0.0029115468457028507 0.9601652298850576 0.024721395776006072
90.0 1.0 0.0 0.9739400584795321 0.010394119308484084
100.0 0.9986979166666666 0.0029115468457028507 0.979389880952381 0.020036259751108
150.0 0.9988425925925927 0.0032736425054932642 0.9798870937263795 0.020322468172760948
200.0 0.9986979166666666 0.0029115468457028507 0.9923305860805861 0.00540766956662079
250.0 1.0 0.0 0.9927884615384617 0.008694925646719018
300.0 1.0 0.0 0.9986762152777778 0.0033878502426663362
400.0 1.0 0.0 1.0 0.0
500.0 1.0 0.0 1.0 0.0
600.0 1.0 0.0 1.0 0.0
700.0 1.0 0.0 1.0 0.0
800.0 1.0 0.0 1.0 0.0
900.0 1.0 0.0 1.0 0.0
