2.0 1.0 0.0 0.7677145771596622 0.08170965116852871
4.0 1.0 0.0 0.7865542457217263 0.04428338125459235
6.0 1.0 0.0 0.7458017608265818 0.10648436601820659
8.0 1.0 0.0 0.7554215651292068 0.07471089245176733
10.0 1.0 0.0 0.7982800292968749 0.028733522860953195
30.0 1.0 0.0 0.837029012044271 0.01809479918554092
50.0 1.0 0.0 0.8973215738932292 0.04476317962913703
70.0 1.0 0.0 0.9607649836317073 0.029995254475646584
90.0 1.0 0.0 0.9671914570622769 0.010605885818793879
100.0 1.0 0.0 0.9675286067623396 0.024056381712604477
150.0 1.0 0.0 0.9824545278637772 0.010270668748204538
200.0 1.0 0.0 0.9883444158984434 0.006550642896237078
250.0 1.0 0.0 0.9849991814014407 0.004211172959589141
300.0 1.0 0.0 0.9888707759186351 0.004789855183713184
400.0 0.9985119047619048 0.003327482109374675 0.9939092630853995 0.002181863049938481
500.0 1.0 0.0 0.9929816419141915 0.004087493975988042
600.0 0.9997395833333332 0.0005823093691405785 0.9927127052499817 0.005048390937874322
700.0 1.0 0.0 0.9966577262142381 0.0010361642115076408
800.0 0.9997996794871794 0.0004479302839543039 0.9972760416666667 0.0024958570272247626
900.0 0.9991319444444445 0.000934924445683072 0.9967989517594186 0.002429574498870901
1000.0 0.9998372395833334 0.00036394335571285634 0.9986376592890677 0.000503236385125081
