2 1.0 0.7543292867726293
2 1.0 0.8150255926724138
2 1.0 0.8150192786907328
2 1.0 0.8150192786907328
2 1.0 0.8150382206357758
2 1.0 0.5918558054956897
4 1.0 0.8150111607142857
4 1.0 0.815032958984375
4 1.0 0.7615487234933036
4 1.0 0.6976797921316964
4 1.0 0.8150242396763393
4 1.0 0.8150285993303572
6 1.0 0.5366109212239583
6 1.0 0.8150182653356481
6 1.0 0.8150069625289351
6 1.0 0.6762209291811343
6 1.0 0.8150069625289351
6 1.0 0.8169465241608797
8 1.0 0.6020789513221154
8 1.0 0.7772216796875
8 1.0 0.8489215557391827
8 1.0 0.7799189640925481
8 1.0 0.7679818960336539
8 1.0 0.7564063439002404
10 1.0 0.748284912109375
10 1.0 0.819530029296875
10 1.0 0.788436279296875
10 1.0 0.822677001953125
10 1.0 0.829970703125
10 1.0 0.78078125
30 1.0 0.8421040852864583
30 1.0 0.83592529296875
30 1.0 0.7985819498697917
30 1.0 0.8457784016927083
30 1.0 0.854986572265625
30 1.0 0.8447977701822917
50 1.0 0.884783935546875
50 1.0 0.90802001953125
50 1.0 0.95269775390625
50 1.0 0.834796142578125
50 1.0 0.85316162109375
50 1.0 0.950469970703125
70 1.0 0.9808835254040733
70 1.0 0.9797272504892368
70 1.0 0.9671905577299413
70 1.0 0.9759605801985939
70 1.0 0.8949216768138001
70 1.0 0.9659063111545988
90 1.0 0.9711692039829631
90 1.0 0.9480293829860711
90 1.0 0.9667696701968459
90 1.0 0.9793980948543801
90 1.0 0.9606164383561644
90 1.0 0.9771659519972372
100 1.0 0.9785041585127201
100 1.0 0.9847113502935421
100 1.0 0.9710738747553816
100 1.0 0.9819593933463796
100 1.0 0.9742233365949119
100 1.0 0.9146995270711024
150 1.0 0.9774203431372549
150 1.0 0.9969669117647059
150 1.0 0.9810855263157894
150 1.0 0.9915731424148607
150 1.0 0.9828834494324045
150 1.0 0.9647977941176471
200 1.0 0.9775932257820764
200 1.0 0.9981274557956779
200 1.0 0.9893479862475442
200 1.0 0.9928711085083874
200 1.0 0.9887340373280943
200 1.0 0.9833926817288802
250 1.0 0.9865852161100196
250 1.0 0.9806913064833006
250 1.0 0.9905451866404715
250 1.0 0.9894400785854617
250 1.0 0.9793099214145383
250 1.0 0.9834233791748527
300 1.0 0.9924643208661418
300 1.0 0.9794229822834646
300 1.0 0.9826218011811023
300 1.0 0.9890809547244095
300 1.0 0.9868356299212598
300 1.0 0.9832369586614174
300 1.0 0.9917876476377953
300 1.0 0.9883735236220472
300 1.0 0.9940022145669292
300 1.0 0.9960322342519685
300 1.0 0.9914185531496063
300 1.0 0.9911724901574803
400 1.0 0.9957077569169961
400 1.0 0.9964797430830039
400 1.0 0.9903656126482213
400 0.9910714285714286 0.9918646694214877
400 1.0 0.995306324110672
400 1.0 0.9937314723320159
500 1.0 0.9956373762376237
500 1.0 0.9953589108910891
500 1.0 0.9893873762376237
500 1.0 0.9857673267326733
500 1.0 0.9975866336633663
500 1.0 0.9941522277227722
600 1.0 0.9894763364258892
600 1.0 0.9962413021868787
600 1.0 0.9977944831013916
600 0.9984375 0.9986642644135189
600 1.0 0.9855312569030263
600 1.0 0.9885685884691849
700 1.0 0.9963510479041916
700 1.0 0.9956337325349301
700 1.0 0.998003992015968
700 1.0 0.9955089820359282
700 1.0 0.9980975548902196
700 1.0 0.9963510479041916
800 1.0 0.99875
800 1.0 0.99759375
800 1.0 0.999
800 1.0 0.9986875
800 0.9987980769230769 0.9978125
800 1.0 0.9918125
900 1.0 0.9954505522088354
900 0.9979166666666667 0.9924071285140562
900 1.0 0.9992156124497992
900 0.9979166666666667 0.9992156124497992
900 0.9989583333333333 0.9961990820424556
900 1.0 0.9983057228915663
1000 1.0 0.9982394366197183
1000 0.9990234375 0.9992769114688129
1000 1.0 0.9983651911468813
1000 1.0 0.9987110160965795
1000 1.0 0.9979564889336016
1000 1.0 0.9992769114688129
