2 1.0 0.7104019657258065
2 1.0 0.7105279737903225
2 1.0 0.6782069052419355
2 1.0 0.7104334677419355
2 1.0 0.5822832661290323
2 1.0 0.7104019657258065
4 1.0 0.7097005208333333
4 1.0 0.6647786458333333
4 1.0 0.6777994791666666
4 1.0 0.7098958333333334
4 1.0 0.542578125
4 1.0 0.7797526041666667
6 1.0 0.5812567349137931
6 1.0 0.7505387931034483
6 1.0 0.8152949892241379
6 1.0 0.7190867456896551
6 1.0 0.6878367456896551
6 1.0 0.7335331357758621
8 1.0 0.7610212053571428
8 1.0 0.7416294642857143
8 1.0 0.7082868303571428
8 1.0 0.7105189732142857
8 1.0 0.6997767857142857
8 1.0 0.7082868303571428
10 1.0 0.7391131365740741
10 1.0 0.7970196759259259
10 1.0 0.8227719907407407
10 1.0 0.7423321759259259
10 1.0 0.7178096064814815
10 1.0 0.6303530092592593
30 1.0 0.8436925551470589
30 1.0 0.8731617647058824
30 1.0 0.8266314338235294
30 1.0 0.8569048713235294
30 1.0 0.9406594669117647
30 1.0 0.8770680147058824
50 1.0 0.9775390625
50 1.0 0.9291294642857143
50 1.0 0.953125
50 1.0 0.9990234375
50 1.0 0.9613560267857143
50 1.0 0.8193359375
70 1.0 0.9097701149425287
70 1.0 0.9642600574712644
70 1.0 0.9875
70 0.9921875 0.9560344827586207
70 1.0 0.9654094827586206
70 1.0 0.9780172413793103
90 1.0 0.9895833333333334
90 1.0 0.9836622807017543
90 1.0 0.9614035087719298
90 1.0 0.975
90 1.0 0.972203947368421
90 1.0 0.9617872807017543
100 1.0 0.9611607142857143
100 1.0 1.0
100 1.0 0.9822916666666667
100 1.0 0.9900297619047619
100 1.0 0.9979166666666667
100 0.9921875 0.9449404761904762
150 1.0 0.9955357142857143
150 0.9895833333333334 0.9323979591836735
150 1.0 0.9988839285714286
