2 1.0 0.515688004032258
2 1.0 0.4617880544354839
2 1.0 0.6203692036290323
2 1.0 0.7104019657258065
2 1.0 0.7103074596774194
2 1.0 0.7082913306451613
4 1.0 0.7095703125
4 1.0 0.4684244791666667
4 1.0 0.6684244791666667
4 1.0 0.7100260416666666
4 1.0 0.7098307291666667
4 1.0 0.7099609375
6 1.0 0.7099272629310345
6 1.0 0.7088160021551724
6 1.0 0.7067955280172413
6 1.0 0.5613550646551724
6 1.0 0.7453865840517242
6 1.0 0.7094221443965517
8 1.0 0.7367466517857143
8 1.0 0.7134486607142857
8 1.0 0.7866908482142857
8 1.0 0.7329799107142857
8 1.0 0.7370256696428572
8 1.0 0.7007533482142857
10 1.0 0.5778718171296297
10 1.0 0.6868127893518519
10 1.0 0.7583912037037037
10 1.0 0.7557146990740741
10 1.0 0.7477213541666666
10 1.0 0.7207392939814815
30 1.0 0.7660271139705882
30 1.0 0.7621783088235294
30 1.0 0.7606847426470589
30 1.0 0.7894071691176471
30 1.0 0.8218635110294118
30 1.0 0.7919347426470589
50 1.0 0.884765625
50 1.0 0.8588169642857143
50 1.0 0.9017857142857143
50 1.0 0.90625
50 1.0 0.8669084821428572
50 1.0 0.7908761160714286
70 1.0 0.8321479885057471
70 1.0 0.8934267241379311
70 1.0 0.9479166666666666
70 1.0 0.8476652298850574
70 1.0 0.9146551724137931
70 1.0 0.9600933908045978
90 1.0 0.9194078947368421
90 1.0 0.9075109649122807
90 1.0 0.9802083333333333
90 1.0 0.8901864035087719
90 1.0 0.9131030701754386
90 1.0 0.9277412280701754
100 1.0 0.937202380952381
100 1.0 0.9979166666666667
100 1.0 0.9272321428571428
100 1.0 0.9822916666666667
100 1.0 0.9816964285714286
100 1.0 0.9681547619047619
150 1.0 0.9910714285714286
150 1.0 0.9720982142857143
150 1.0 0.9759778911564626
150 1.0 0.984375
150 1.0 0.9882546768707483
150 1.0 0.9810267857142857
200 1.0 0.9696085164835164
200 1.0 0.9807692307692307
